1
0.9237091707103844
0.8453038184093882
0.7698861116157016
0.6782266480355191
0.5921723756429018
0.5113221594853035
0.4250901506419376
0.3556316909962242
0.2798542087550533
0.20549388042927405
0.1135246884848616
0.03734724195376339
-0.040633619290340775
-0.14710274564519313
-0.23290172437157003
-0.30215172303288224
-0.37492383770702387
-0.44509130116535445
-0.5230197423388091
-0.6005547322398297
-0.6793743204848772
-0.7584372209735386
-0.8481146300623752
-0.9321154321337797
-1.017880082018748
-1.1025613972956163
-1.1855718007645435
-1.261702013329911
-1.3387005717842007
-1.4149597288314286
-1.5150181140930599
-1.5989829793793635
-1.6751699568880765
-1.7583158609076468
-1.8398178707673105
-1.918470002744219
-1.9983864263266766
-2.077824898954323
-2.1623003361947832
-2.2565355739416306
-2.3434514685567662
-2.427508510545143
-2.503714934609479
-2.5886869890144713
-2.670384899854327
-2.765696739167379
-2.847518809570055
-2.9332604620921403
-3.0210439238262126
-3.0985093862655226
-3.1713681382916947
-3.248407519630171
-3.3295029570467536
-3.4139644205851267
-3.492403182299708
-3.5764456721756925
-3.6531246131362805
-3.732465926878782
-3.816738208167587
-3.8927863898428243
-3.975915192034327
-4.061182327990603
-4.136670632069521
-4.209648101214533
-4.286305270843439
-4.373502403177555
-4.456892957767136
-4.542045030278447
-4.615059522864014
-4.69756530417685
-4.784012108489462
-4.856237388899443
-4.939007085984235
-5.013228554153202
-5.08621245279577
-5.165752719252346
-5.245693601095355
-5.328483848140714
-5.411216917304069
-5.48986928468832
-5.563259173300249
-5.641743585045792
-5.72255408906724
-5.800739831671483
-5.88363388741158
-5.973910583684395
-6.053475394250678
-6.1502184950381364
-6.241258355273853
-6.324558842202155
-6.400873111577693
-6.481377528843958
-6.558871466184795
-6.661094490109178
-6.744239164513416
-6.81659522300673
-6.890754165493279
-6.9765046106118245
-7.061654178862028
-7.134804515030562
-7.089708935047988
-7.02456367542949
-6.9624004762996865
-6.877253568438826
-6.822032197701336
-6.758029596194266
-6.686272306824658
-6.62291853759711
-6.540381122521264
-6.486388679092345
-6.415391388827348
-6.353442082848847
-6.28226801396218
-6.194439561210718
-6.12413498371888
-6.063667115699945
-6.018487798901869
-5.967218810585476
-5.905865216941064
-5.831186551233544
-5.787003088271934
-5.707555676141582
-5.650896247586726
-5.57820703092703
-5.513472401886089
-5.4614593475162
-5.399047873668991
-5.32978958570713
-5.273444726724565
-5.20150361143718
-5.122891059436659
-5.040715835541495
-4.986331025166865
-4.889957511640873
-4.831571321700012
-4.767805375154076
-4.709711171786352
-4.639918747751715
-4.579351579359893
-4.498170200773759
-4.424905644379258
-4.354608682421648
-4.300994065804812
-4.234138613059896
-4.1733796984343465
-4.076262557526025
-4.0176982233694645
-3.9470738211449508
-3.882709384163417
-3.8201466049643615
-3.773532926908838
-3.734809877511271
-3.6736929185807936
-3.612671087192214
-3.5414121843344164
-3.477838545660579
-3.4164146193593594
-3.3692129740468535
-3.281136727539758
-3.23991407321333
-3.1785992766584052
-3.1244694587802457
-3.063501580084429
-3.004955957707241
-2.9651103675800936
-2.89649246348395
-2.835302670402718
-2.759063901135873
-2.7067022174679365
-2.644392593661583
-2.57237409008922
-2.504545829077448
-2.442192611358736
-2.381388279087214
-2.3291119866638805
-2.266928323089233
-2.2028411628847318
-2.1329435807348007
-2.06674540682071
-2.021682936897247
-1.9599466399510646
-1.884527687172399
-1.8111736573956452
-1.7399070691041092
-1.6753244138225594
-1.5927273887726043
-1.5378163284581168
-1.4588607196603163
-1.3833638992718305
-1.3168546170897864
-1.2405921011928425
-1.1631156731475591
-1.0998415757383235
-1.0094264044872898
-0.9359561750320171
-0.876420362388934
-0.8085134827958909
-0.7435724998730838
-0.6652329311227477
-0.6049110052010715
-0.5582735061269907
-0.524232500597375
-0.4545999152174363
-0.4092646332629656
-0.37612952185241766
-0.34134189590962755
-0.30747929508101185
-0.2804805036618681
-0.26628959508767097
-0.2263393490015098
-0.18584690058655312
-0.14867211134118127
-0.12372758356481019
-0.07468195456201938
-0.027691791203868575
0.011245075698771152
0.06225879224638728
0.12243515111181683
0.15820302455740326
0.18925762236721322
0.25772764454611297
0.2759025875063813
0.31098823254332364
0.344812601625889
0.40705618925873566
0.4635644564589398
0.5127410469331988
0.5373997598558031
0.5873541682404371
0.6133969837452725
0.6769566278513577
0.7045762396862023
0.743709178878087
0.7329343731787786
0.7826890727568834
0.844225575546078
0.8927215427855572
0.9344509984111817
0.9941425606097006
1.02986147022342
1.0660147019103525
1.1531243950913972
1.2173865961960135
1.27029118468555
1.3033852903286034
1.3654115297951528
1.423423108695099
1.4575549250030715
1.5126478532217373
1.5615683037359482
1.6494223145384743
1.7246100094439938
1.769423726172927
1.823246984444916
1.8694375148389626
1.918053384565156
1.987028849159183
2.0258384167513954
2.026724915971653
2.060898240104158
2.0882152884863494
2.1539934439669026
2.179452551526593
2.221508591023189
2.2700718436744323
2.2981566116410446
2.3413281224863822
2.393719250076962
2.4251003991120372
2.4624849318747373
2.5179813571054805
2.538177936076815
2.5668644941736587
2.611049502930314
2.647769425137487
2.676865216907828
2.71426353583533
2.7567783083176622
2.7939107874021847
2.852893914394841
2.903181855804909
2.906577111688993
2.941169908662129
2.9578916409705345
3.0109939622867006
3.053733729626793
3.113594071246504
3.1648596579597092
3.2102368461360378
3.2495039060815363
3.2917418700302825
3.3306626529082775
3.378003895299934
3.4284245059998835
3.456191948203014
3.496601011578715
3.5327272153684017
3.5812938925018987
3.618159712189772
3.6615061406834046
3.677449284518099
3.7112031344488488
3.694632430840611
3.692980656242489
3.743979252889817
3.7486000362465774
3.76941210536566
3.801407972750257
3.8435597480672117
3.870084130211503
3.8667180776870147
3.882285777269983
3.913214709340764
3.9686033976885033
3.9546064972311297
3.943619273268755
3.960360289908873
3.9554045430829103
3.9815071685255337
3.9680843187055723
3.9615468781241163
3.9865761549212237
4.005466324820883
3.990881611298085
3.9999286460063486
4.013574310626825
4.046328708897271
4.075232978060514
4.0783077761483595
4.09037073231241
4.125101432637677
4.134005784606639
4.183795086561002
4.220561636550704
4.202715156114116
4.205343167612115
4.22219458442132
4.248853344751476
4.26557487268121
4.273924150427583
4.253246740296185
4.200807240573095
4.166233458555598
4.1717392144884045
4.204539448757583
4.181601047766369
4.19547093965413
4.19400810165931
4.198179481575401
4.217304578926507
4.181073214856285
4.160196955763639
4.194597717373568
4.207587376945553
4.183475099946139
4.17818309200063
4.153529897086462
4.22049632923614
4.249737182016169
4.303603214281402
4.310135723468951
4.295877421311761
4.33906645546793
4.337210311650207
4.370836808907956
4.397416852353668
4.414433649801912
4.402615742029276
4.436330160622641
4.47164229399562
4.458856917684892
4.477802166754524
4.515928773740548
4.5108066206734785
4.513196950330277
4.553066473859868
4.572064595597012
4.568711267859829
4.604436392240598
4.622706013699115
4.620139750086036
4.639704092133874
4.652413935517143
4.664550866706993
4.662952803918827
4.668768713428006
4.644638903578044
4.63677253347692
4.639565984267448
4.663893544758631
4.685125389780108
4.720661357057731
4.747695232392223
4.723431872065408
4.741656633526178
4.765229395443179
4.77816327883551
4.794796642680675
4.787422475709949
4.7798012793000115
4.762677611241938
4.706934598304803
4.672495011606631
4.64988085546478
4.588567308335794
4.560586236310638
4.521086736368632
4.501959833239319
4.453036377731329
4.42093420167025
4.406095788892999
4.369209266979928
4.320307857659823
4.23226717444729
4.2190292653163315
4.1995477562660035
4.153450507628371
4.175375761690413
4.120952435270819
4.098341405989574
4.087021325001485
4.088206200809445
4.07205674605158
4.113793673449186
4.0671455342247445
4.061830556672276
4.019729805258716
4.017381031717145
3.9790802679707182
3.943701607488057
3.923367148391136
3.8873199305035255
3.8347165941070203
3.825384453199457
3.8258769487567257
3.791150598705487
3.745131291393759
3.6777089227365867
3.642950220396471
3.651081692381047
3.6649468826270972
3.6477768094215985
3.6459971380005345
3.6318449716416796
3.580796475604874
3.547628216108639
3.490288529535866
3.489608240863891
3.5205644336886093
3.463334016286974
3.4621147866008943
3.464166510726421
3.395890938915218
3.3842405117441374
3.364154716805863
3.339509713605677
3.3514234111005994
3.28041442583686
3.254569537780315
3.192084798160191
3.176989201994439
3.2017642197764844
3.1614551193515257
3.130446978011216
3.155923863632823
3.114998991810057
3.097066620350343
3.0935239147370215
3.050179889448952
3.0314697131193564
3.0450047723926166
3.024794194445218
2.9802081204653104
2.9585687961297045
2.9661402782087913
2.9316343325697174
2.907354724763333
2.903231188831029
2.852133184931948
2.8479952430723534
2.8190799607858
2.808606472267692
2.796553003432498
2.785109484258397
2.765328517142366
2.7359362045065905
2.717644324499132
2.682419423751279
2.642236476643265
2.5860785130120707
2.508159555938014
2.4534476966965366
2.39628265797087
2.3774531841025293
2.335169110562598
2.3070291653452006
2.2734145859153
2.2231858529589634
2.1976746053218257
2.1854467465055225
2.1370141082535894
2.0981896985469577
2.078543202470365
2.0629216458127493
2.0267396869512035
1.9940387213849622
1.955308301432958
1.8936832060767805
1.8359194592753738
1.7832907991612825
1.7678261312842523
1.7253733806096556
1.687580142026563
1.671154723908571
1.6334853912259117
1.6258331762136422
1.6224372208949962
1.5464964393001253
1.5120704265076137
1.4717439693440608
1.4123434203327425
1.3269791199855752
1.2819715289629625
1.1949819270380415
1.1780108131874087
1.1109896570913511
1.0749081014448592
0.9926678505508875
0.962124790982287
0.939255588601393
0.8591327617629066
0.8235680974793563
0.7967780224341742
0.7271510436703157
0.6797825920779459
0.6251324300116657
0.6006509505955101
0.5729427695537629
0.5143366051582015
0.4329703137098202
0.36886262372721873
0.3280905914599764
0.3093916940665707
0.24339983321468367
0.20523197772800786
0.14328801960985185
0.11223145911817094
0.06335288542578431
-0.044233643060143296
-0.0697378879703534
-0.12868746064293687
-0.18940504926179447
-0.2106483467549811
-0.29053041125765494
-0.32005524840577143
-0.35823814276795723
-0.4419146481468799
-0.4537335312366716
-0.5066651593679973
-0.5106093379339872
-0.5560418123366392
-0.6325678605300864
-0.6777117317297449
-0.7011503232447295
-0.7859534567065333
-0.8136037585867314
-0.8740810327100735
-0.9191316421524718
-0.9589299625150954
-1.0308154393837277
-1.1090886820533246
-1.1647986725039952
-1.198446150589885
-1.2342235812252307
-1.2976749078070826
-1.3648895748787953
-1.4221298791038341
-1.4807802039709588
-1.5289633183237803
-1.598008163233388
-1.6446703161927454
-1.6808305386340283
-1.7420011149454249
-1.7976593574961006
-1.8057286050361514
-1.8585771376424136
-1.8966671813190283
-1.917956256386682
-1.9310437105378135
-1.9608990828625286
-1.987092787848258
-2.0419238304092358
-2.0884969463846077
-2.124224598142122
-2.1721425150632445
-2.236054774721525
-2.2520346738642743
-2.297293608777663
-2.3382657335668084
-2.362342114628795
-2.3642646689336093
-2.3601878831429706
-2.3793056409321265
-2.403893239010074
-2.396723213858034
-2.4000823942543636
-2.3947695018951256
-2.405575464523807
-2.396539929893338
-2.3736312687929315
-2.378042049366219
-2.3643250375272906
-2.3626002808999145
-2.3435242084050234
-2.3468628876599484
-2.3729012595936676
-2.4012020258177538
-2.412121195905721
-2.342300874797313
-2.3301116833346853
-2.324192223196871
-2.322353931326744
-2.3120059864320557
-2.319928809175337
-2.3014108123861163
-2.300823443246643
-2.3080952892395454
-2.3066702551206584
-2.27198555824201
-2.290722067196345
-2.289467305507321
-2.2907857915185015
-2.313607370460646
-2.3113097817258135
-2.2981816476358228
-2.2647064348622497
-2.2807719754615077
-2.273543696038877
-2.266871750715805
-2.2577520173426517
-2.23488794501049
-2.2312982567540365
-2.2483849806304534
-2.246864865102697
-2.2236497119882346
-2.2071760067318835
-2.1950055077576778
-2.199539076365527
-2.1978482237584713
-2.2114449663109506
-2.211386338941587
-2.2081697262205195
-2.207751601006753
-2.1462124384048216
-2.127801393571026
-2.0686066833434817
-2.0484060081247755
-2.0788330183161032
-2.066727874984196
-2.083215680865683
-2.069313534236479
-2.0690558994268544
-2.0720783646541046
-2.0817879331710594
-2.090942195373937
-2.0812441147796092
-2.0651844412119416
-2.068378963547645
-2.05503309364094
-2.0522563667321396
-2.053201689956678
-2.0172200663817272
-2.0122408701593573
-2.0089109961302087
-2.0162922221624897
-1.9874355662414283
-1.9813713950871374
-1.9463939114177322
-1.940921014878577
-1.9421598435003882
-1.935430622331655
-1.9425286743305181
-1.9353428424095
-1.9322902532896507
-1.947256363097993
-1.9298985712487626
-1.9210762292575418
-1.9208618139655913
-1.8755667279400652
-1.8737704937350512
-1.8217916626717245
-1.7896713374039772
-1.777261066063608
-1.7780726552237822
-1.7569607986031412
-1.75437234181152
-1.7811028860723248
-1.7596807171304736
-1.7499733412266871
-1.768730856963112
-1.7267777510570874
-1.6890060713017199
-1.6486291909862967
-1.6119146671610816
-1.5151474774888265
-1.4357738813767702
-1.4079563172366667
-1.3517216597035369
-1.3045094809543907
-1.2861474364178127
-1.2714360837291196
-1.2358997468079707
-1.1303667595055915
-1.0396438909460683
-0.9503572247243176
-0.9195418534126644
-0.8590733571279161
-0.8343809670642274
-0.8534270687203506
-0.8163368196564897
-0.7081620628862311
-0.6784478639612608
-0.6151219027231644
-0.5727562726348876
-0.5757077802628268
-0.5391755483346434
-0.5011922928950897
-0.4098364993423786
-0.39874471360069663
-0.31990995013806817
-0.2942626222163121
-0.15306488074412175
-0.07523281483806295
-0.01555032798814552
0.0167230927899368
0.03056285353856321
0.08741218149278755
0.13322337005486093
0.17091012143021028
0.21194040706567352
0.34419231490414803
0.3838147443909778
0.4140993283234633
0.4541985501189704
0.5211418714425224
0.615719682346531
0.6823797475422971
0.7224948005858245
0.758940387224326
0.7992999285368971
0.8549342678505719
0.942404113961143
0.9768232842087997
0.9722169555741317
0.9845069088860159
1.0288542310944013
1.0914102849378873
1.1454719436738996
1.172834321699127
1.1995440799506485
1.234868956942615
1.2735917876254994
1.3046636834505814
1.4021778372728024
1.4316153098902986
1.4476372746725374
1.4697367424002956
1.4933285483800238
1.5186051775332219
1.5553957536517962
1.5841858310148231
1.5926031781640715
1.6335087109960011
1.6945480510751176
1.7436851899638808
1.8401859745855524
1.8748786988576092
1.8849545550409545
1.9327219151330213
1.9611631972185544
1.9904104654752026
2.0442610380187336
2.0971880037321107
2.156203187309865
2.173837234732627
2.241682501430992
2.271266826091868
2.3200861421975687
2.2892134023830994
2.3252383393633353
2.3234043647163496
2.3458249744353328
2.3866143220908476
2.442122684051493
2.5053697611238714
2.582171089466945
2.6309006453438104
2.6522449185794867
2.6802950732003965
2.71774255480532
2.7109086733792314
2.7248771050846687
2.7330709850962176
2.739157235636881
2.6975321566060244
2.6821494853209717
2.6904323122527103
2.6888922803989943
2.7052135931882786
2.712122876383924
2.722110829341362
2.7165815095750743
2.66999395005071
2.5926435277580144
2.5589892322272827
2.618335244897884
2.587610504954747
2.6597554993548793
2.6896138112139822
2.691423871343568
2.6188125856156086
2.6276728500194615
2.604895563832652
2.668143440243995
2.6667952195270557
2.664487789939567
2.669833323733544
2.70074181528294
2.7398299705669933
2.7051711884340732
2.722086118609387
2.6227045510454032
2.6636718425280255
2.6709779278126695
2.746692673854016
2.744850985039184
2.8300272383049587
2.92247364798684
2.9413817362601757
2.9578259364423736
2.897031024977892
2.9042020816696748
2.9209039328866577
2.9378303746339434
2.905507700238859
2.86021225059657
2.862033179738408
2.8779419704296987
2.932611303378539
2.949144066191265
2.943723382025998
2.9713559916714174
2.9808834737219616
2.9863575646610356
2.991097781591074
2.961904344242198
2.929795749622855
2.97733694582568
2.975514496890112
3.0087512291221232
3.0094953129482658
3.1107379538607303
3.1401906696889963
3.0894796688612383
3.1110885808085555
3.1802873172562585
3.2801009346181433
3.288769098700708
3.3776735363296773
3.404014041276956
3.4277516128989007
3.4853860880042724
3.4784290323053146
3.4706629437441388
3.469791255898562
3.4107397668305963
3.5056443085659366
3.4970696339336933
3.5157617591992776
3.533444054700362
3.5509451230107643
3.5552654573846585
3.522098433413194
3.567220895162131
3.5796311011438875
3.562572738799345
3.583689973193604
3.6193034336469707
3.6167776545195367
3.6225548678675725
3.6625775523543327
3.649019593194163
3.727030709249886
3.724850895178481
3.726642364150373
3.7846920167546045
3.8099408873701552
3.8297281291437533
3.898746489091285
3.8954000077497257
3.9152520109808266
3.8890042072400415
3.8633478050735404
3.854581025234597
3.835198026768579
3.8069625189004017
3.905444315796005
3.8866415630270934
3.8478467596534074
3.8625686023750374
3.8501700867504183
3.84406163562346
3.8351691331195696
3.9399843693697885
3.910655839250508
3.846741798696556
3.8445683037638134
3.861715733437377
3.8330393808514356
3.84906668760995
3.8526882446788506
3.8815969296801263
3.866474537138791
3.8057200162462
3.7983682361599977
3.8142479695944878
3.80017033170042
3.7353926493418608
3.7738486162545706
3.7681208196411973
3.745739340622889
3.7358523290044667
3.646200930513587
3.638949866319972
3.551373213127802
3.552330137307225
3.4399925759388754
3.3234293010053353
3.296069266238321
3.291614156484702
3.3198609675277395
3.298243212187092
3.2954781973959753
3.294305691525767
3.3735386216035295
3.381872263621328
3.3257381576607123
3.3031237062918604
3.2585739927714705
3.2491650981854154
3.2464706059813926
3.1739476011301333
3.172523112672021
3.1549771830097804
3.1529394980434944
3.135480399112678
3.146613361528139
3.0786007320457753
3.100222601075964
3.071895155629902
3.0951746902633066
2.989943949657243
2.956077255758879
2.9631555244726373
2.942167008822388
2.869114990159489
2.7695501710550343
2.756562653401604
2.7808357910609276
2.755937135329786
2.7443510186827624
2.6790820961565656
2.660939346405744
2.6457520484650714
2.650721367564669
2.6336673242904807
2.552084873673345
2.5631803405717157
2.570044171142704
2.554745543506745
2.571300569345115
2.5528626216253025
2.576204986628466
2.5193726386166673
2.510967585310975
2.4777012534803564
2.4921952283238773
2.4557369878346367
2.4670300528123716
2.4657448160266346
2.4133675323850126
2.471837616203394
2.3847275713496323
2.4065512130331292
2.4349100517031177
2.3478713030897236
2.389024968035429
2.3754089134409893
2.3223199371221304
2.3135735215014694
2.271022966482961
2.262802316716697
2.2501581133422364
2.2364629696810656
2.2190096572413736
2.223505064055736
2.0965879930770157
2.075774791166812
2.0642123258428686
2.016978081460689
2.0090918951714762
1.9908702407856338
1.97675093989477
1.8451929762800054
1.8131987903912314
1.8636841484072415
1.894932874598355
1.7605922426857576
1.7355879800365022
1.6992304039349273
1.6781267353010885
1.625289895565843
1.6043496222957925
1.630987165824705
1.6167857205544818
1.6276638845324964
1.6344468635774576
1.5950925732260282
1.4894800823564858
1.471411260783267
1.4536208745796455
1.4350037878604627
1.4195186134870488
1.3767796394330047
1.372786249853465
1.3500876997361515
1.3213323734143432
1.3017325470869372
1.2811358480457185
1.2359648145081144
1.153837535551276
1.1257708553115058
1.0942384355259562
1.0530829464744378
0.9382398475233299
0.8977383613712052
0.8944304866550534
0.871957974848682
0.8411024641811246
0.8148193217089522
0.7813601384113196
0.7662804209630139
0.7294146669345558
0.7496278234582006
0.7313747070027923
0.7698226575360869
0.7316879095113211
0.8100377364615874
0.7768674379930041
0.7569839215384472
0.7062837071861098
0.6841813966535264
0.6894452474802917
0.6596494798295608
0.6241366385572129
0.6706135661327388
0.6573491621080823
0.6426497902948135
0.4980960210675802
0.46844490973402686
0.4447130541424279
0.4279463690731285
0.4397233545640377
0.412847324252126
0.3852038761206736
0.38561676068473344
0.3722765670749019
0.3377828644925252
0.27595411385492474
0.27052086135243497
0.2820086765397103
0.25427268925072805
0.21915175431735892
0.20272711413859576
0.1759462928840635
0.16088048099832114
0.11638268439355448
0.13327366269963994
0.11811137537506236
0.11760060897151856
0.10096622224836366
0.022382902639490342
0.02133888554558662
-0.034137821933067115
-0.10896330455378658
-0.12284974668042407
-0.22661558749703484
-0.23028211199950122
-0.26064975373890664
